nOrders = 10;
w = [6.48, 17.82, 6.48, 6.48, 6.48, 135.0, 12.96, 17.82, 6.48, 6.48];
st = [0, 20.0, 27.0, 20.0, 20.0, 20.0, 420.0, 26.0, 27.0, 20.0, 20.0];
C = 10000;
G = 3000;
Rt = [1, 1, 3, 6, 6, 1, 2, 2, 3, 3];
t = [[   0.  777.  839.  755.  744.  758.  703.  801.  839.  777.  794.]
 [ 767.    0.  151.   30.   33.   41.  114.   63.  100.   75.   92.]
 [ 879.  151.    0.  180.  184.  192.  248.  114.   76.  178.  195.]
 [ 745.   30.  180.    0.   12.   11.   85.   92.  130.   75.   92.]
 [ 734.   33.  184.   12.    0.   23.   97.   96.  134.   87.  104.]
 [ 749.   41.  192.   11.   23.    0.   73.  103.  141.   64.   81.]
 [ 712.  114.  248.   85.   97.   73.    0.  160.  198.   84.  101.]
 [ 791.   63.  114.   92.   96.  103.  160.    0.   38.   89.  106.]
 [ 828.  100.   76.  130.  134.  141.  198.   38.    0.  127.  144.]
 [ 766.   75.  178.   75.   87.   64.   84.   89.  127.    0.   17.]
 [ 783.   92.  195.   92.  104.   81.  101.  106.  144.   17.    0.]];
