nOrders = 15;
w = [6.48, 6.48, 6.48, 53.46, 6.48, 17.82, 6.48, 6.48, 17.82, 12.96, 3.78, 6.48, 6.48, 12.96, 6.48];
st = [0, 20.0, 20.0, 20.0, 52.0, 20.0, 27.0, 20.0, 20.0, 27.0, 26.0, 20.0, 20.0, 20.0, 26.0, 20.0];
C = 10000;
G = 3000;
Rt = [6, 6, 3, 1, 2, 2, 3, 3, 1, 3, 6, 6, 6, 6, 6];
t = [[   0.  764.  757.  761.  675.  680.  839.  804.  779.  727.  699.  689.
   686.  690.  742.  658.]
 [ 754.    0.    6.   21.  129.  180.  114.  115.   72.  120.   94.  105.
   108.   94.   22.  247.]
 [ 747.    6.    0.   15.  123.  174.  120.  112.   78.  114.   88.   98.
   102.   87.   16.  241.]
 [ 750.   21.   15.    0.  108.  159.  135.   97.   73.   99.   73.   83.
    87.   84.   19.  226.]
 [ 725.  129.  123.  108.    0.   51.  226.  139.  115.   52.   51.   61.
    65.  107.  127.  118.]
 [ 730.  180.  174.  159.   51.    0.  277.  190.  166.  103.  102.  112.
   116.  158.  178.   82.]
 [ 828.  114.  120.  135.  226.  277.    0.  154.  111.  217.  191.  201.
   204.  168.  135.  343.]
 [ 794.  115.  112.   97.  139.  190.  154.    0.   43.  130.  104.  115.
   118.  152.  116.  257.]
 [ 769.   72.   78.   73.  115.  166.  111.   43.    0.  106.   80.   90.
    93.  128.   92.  232.]
 [ 731.  120.  114.   99.   52.  103.  217.  130.  106.    0.   42.   52.
    56.   98.  118.  169.]
 [ 689.   94.   88.   73.   51.  102.  191.  104.   80.   42.    0.   10.
    14.   56.   92.  169.]
 [ 679.  105.   98.   83.   61.  112.  201.  115.   90.   52.   10.    0.
     3.   46.  102.  179.]
 [ 676.  108.  102.   87.   65.  116.  204.  118.   93.   56.   14.    3.
     0.   43.  105.  182.]
 [ 680.   92.   86.   84.  107.  158.  167.  152.  128.   98.   56.   46.
    43.    0.   70.  225.]
 [ 732.   22.   16.   19.  127.  178.  135.  116.   92.  118.   92.  102.
   105.   72.    0.  244.]
 [ 729.  247.  241.  226.  118.   82.  343.  257.  232.  169.  169.  179.
   182.  225.  244.    0.]];
