nOrders = 20;
w = [6.48, 6.48, 6.48, 12.96, 6.48, 6.48, 6.48, 17.82, 35.64, 51.84, 6.48, 81.0, 6.48, 17.82, 17.82, 35.64, 6.48, 6.48, 6.48, 6.48];
st = [0, 20.0, 20.0, 20.0, 26.0, 20.0, 20.0, 20.0, 27.0, 35.0, 104.0, 20.0, 420.0, 20.0, 27.0, 27.0, 35.0, 20.0, 20.0, 20.0, 20.0];
C = 10000;
G = 3000;
Rt = [1, 1, 1, 1, 1, 6, 6, 6, 1, 3, 2, 1, 1, 2, 6, 3, 6, 3, 2, 1];
t = [[   0.  777.  776.  772.  764.  766.  764.  764.  839.  839.  820.  839.
   820.  858.  830.  849.  845.  762.  756.  757.  755.]
 [   0.    0.    1.    5.   13.   11.   13.   13.  151.  151.  131.  151.
   132.  119.   92.  111.  107.   16.   21.   20.   30.]
 [   0.    1.    0.    4.   12.   10.   12.   12.  152.  152.  132.  152.
   133.  120.   93.  112.  108.   15.   20.   19.   29.]
 [   0.    5.    4.    0.    8.    6.    9.    9.  155.  155.  136.  156.
   137.  124.   96.  115.  112.   11.   17.   15.   25.]
 [   0.   13.   12.    8.    0.    2.    1.    1.  164.  164.  144.  164.
   145.  132.  104.  124.  120.    3.    9.    7.   17.]
 [   0.   11.   10.    6.    2.    0.    3.    3.  162.  162.  142.  162.
   143.  130.  102.  122.  118.    5.   11.    9.   19.]
 [   0.   13.   12.    9.    1.    3.    0.    0.  164.  164.  145.  164.
   145.  133.  105.  124.  120.    2.    8.    6.   16.]
 [   0.   13.   12.    9.    1.    3.    0.    0.  164.  164.  145.  164.
   145.  133.  105.  124.  120.    2.    8.    6.   16.]
 [   0.  151.  152.  155.  164.  162.  164.  164.    0.    0.   19.   63.
    44.   57.  106.   65.   69.  166.  172.  170.  180.]
 [   0.  151.  152.  155.  164.  162.  164.  164.    0.    0.   19.   63.
    44.   57.  106.   65.   69.  166.  172.  170.  180.]
 [   0.  131.  132.  136.  144.  142.  145.  145.   19.   19.    0.   44.
    25.   38.   87.   46.   50.  147.  153.  151.  161.]
 [   0.  151.  152.  156.  164.  162.  164.  164.   63.   63.   44.    0.
    19.   38.   88.   47.   50.  167.  172.  171.  181.]
 [   0.  132.  133.  137.  145.  143.  145.  145.   44.   44.   25.   19.
     0.   19.   69.   28.   31.  147.  153.  152.  161.]
 [   0.  119.  120.  124.  132.  130.  133.  133.   57.   57.   38.   38.
    19.    0.   49.    8.   12.  135.  141.  139.  149.]
 [   0.   92.   93.   96.  104.  102.  105.  105.  106.  106.   87.   88.
    69.   49.    0.   41.   37.  107.  113.  111.  121.]
 [   0.  111.  112.  115.  124.  122.  124.  124.   65.   65.   46.   47.
    28.    8.   41.    0.    4.  126.  132.  130.  140.]
 [   0.  107.  108.  112.  120.  118.  120.  120.   69.   69.   50.   50.
    31.   12.   37.    4.    0.  123.  128.  127.  137.]
 [   0.   16.   15.   11.    3.    5.    2.    2.  166.  166.  147.  167.
   147.  135.  107.  126.  123.    0.    6.    4.   14.]
 [   0.   21.   20.   17.    9.   11.    8.    8.  172.  172.  153.  172.
   153.  141.  113.  132.  128.    6.    0.    2.    8.]
 [   0.   20.   19.   15.    7.    9.    6.    6.  170.  170.  151.  171.
   152.  139.  111.  130.  127.    4.    2.    0.   10.]
 [   0.   30.   29.   25.   17.   19.   16.   16.  180.  180.  161.  181.
   161.  149.  121.  140.  137.   14.    8.   10.    0.]];
