nOrders = 25;
w = [12.96, 81.0, 35.64, 6.48, 6.48, 6.48, 17.82, 12.96, 6.48, 17.82, 3.78, 6.48, 12.96, 6.48, 6.48, 6.48, 6.48, 6.48, 6.48, 6.48, 135.0, 6.48, 35.64, 121.5, 270.0];
st = [0, 26.0, 420.0, 35.0, 20.0, 20.0, 20.0, 27.0, 26.0, 20.0, 27.0, 20.0, 20.0, 26.0, 20.0, 20.0, 20.0, 20.0, 20.0, 20.0, 20.0, 420.0, 20.0, 35.0, 420.0, 840.0];
C = 10000;
G = 3000;
Rt = [2, 1, 6, 6, 6, 6, 6, 2, 2, 2, 6, 1, 1, 6, 3, 3, 3, 3, 6, 3, 1, 6, 1, 1, 2];
t = [[   0.  764.  820.  845.  757.  744.  819.  832.  773.  785.  732.  689.
   740.  763.  761.  731.  723.  695.  690.  682.  731.  632.  629.  663.
   716.  697.]
 [ 754.    0.  145.  120.    7.   21.   93.  106.   85.   66.   50.  105.
    46.   50.   48.   55.   63.   88.   94.  102.   34.  234.  237.  188.
    89.  298.]
 [ 860.  145.    0.   31.  152.  165.   58.   45.  156.  137.  139.  233.
   191.  194.  193.  192.  184.  194.  200.  208.  155.  322.  320.  315.
   217.  404.]
 [ 835.  120.   31.    0.  127.  141.   27.   14.  131.  112.  114.  208.
   166.  170.  168.  167.  159.  170.  175.  183.  131.  337.  339.  291.
   192.  379.]
 [ 747.    7.  152.  127.    0.   14.  100.  113.   82.   73.   43.   98.
    39.   43.   41.   48.   56.   82.   87.   95.   27.  227.  230.  181.
    82.  291.]
 [ 734.   21.  165.  141.   14.    0.  114.  127.   84.   87.   30.  100.
    41.   45.   43.   50.   57.   68.   74.   81.   13.  229.  231.  183.
    84.  278.]
 [ 809.   93.   58.   27.  100.  114.    0.   13.  104.   86.   87.  181.
   139.  143.  141.  140.  132.  143.  149.  156.  104.  310.  313.  264.
   165.  353.]
 [ 822.  106.   45.   14.  113.  127.   13.    0.  117.   99.  100.  194.
   152.  156.  154.  153.  145.  156.  162.  169.  117.  323.  326.  277.
   178.  366.]
 [ 763.   85.  156.  131.   82.   84.  104.  117.    0.   19.  105.   84.
    62.   66.   64.   71.   79.  116.  122.  123.   97.  213.  216.  167.
    68.  307.]
 [ 775.   66.  137.  112.   73.   87.   86.   99.   19.    0.   86.   96.
    74.   77.   76.   82.   91.  128.  133.  134.  100.  225.  227.  178.
    80.  319.]
 [ 722.   50.  139.  114.   43.   30.   87.  100.  105.   86.    0.  107.
    62.   74.   73.   53.   45.   56.   62.   69.   17.  259.  261.  212.
   114.  266.]
 [ 679.  105.  233.  208.   98.  100.  181.  194.   84.   96.  106.    0.
    79.   82.   81.   87.   89.   52.   46.   38.  105.  166.  168.  119.
    21.  223.]
 [ 731.   46.  191.  166.   39.   41.  139.  152.   62.   74.   61.   79.
     0.   23.   21.    9.   17.   54.   60.   67.   54.  208.  210.  161.
    62.  275.]
 [ 754.   50.  194.  170.   43.   45.  143.  156.   66.   77.   74.   82.
    23.    0.    9.   32.   40.   77.   83.   90.   58.  212.  214.  165.
    66.  298.]
 [ 752.   48.  193.  168.   41.   43.  141.  154.   64.   76.   73.   81.
    21.    9.    0.   30.   39.   75.   81.   89.   56.  210.  212.  163.
    65.  296.]
 [ 722.   55.  190.  166.   48.   50.  139.  152.   71.   82.   52.   87.
     9.   32.   30.    0.    8.   45.   51.   59.   51.  216.  219.  170.
    71.  266.]
 [ 714.   63.  182.  157.   56.   55.  131.  143.   79.   91.   43.   89.
    17.   40.   39.    8.    0.   37.   43.   50.   43.  225.  227.  178.
    80.  258.]
 [ 685.   87.  193.  168.   80.   66.  141.  154.  116.  128.   54.   52.
    54.   77.   75.   45.   37.    0.    6.   13.   53.  217.  220.  171.
    72.  229.]
 [ 680.   93.  199.  174.   86.   72.  147.  160.  122.  133.   60.   46.
    60.   83.   81.   51.   43.    6.    0.    8.   59.  212.  214.  165.
    66.  224.]
 [ 672.  100.  206.  181.   93.   80.  155.  168.  123.  134.   68.   38.
    67.   90.   89.   59.   50.   13.    8.    0.   67.  204.  206.  158.
    59.  216.]
 [ 721.   34.  155.  131.   27.   13.  104.  117.   97.  100.   17.  107.
    54.   58.   56.   52.   44.   55.   61.   68.    0.  242.  244.  196.
    97.  265.]
 [ 697.  234.  362.  337.  227.  229.  310.  323.  213.  225.  259.  166.
   208.  212.  210.  216.  225.  217.  212.  204.  242.    0.    2.   51.
   145.  298.]
 [ 695.  237.  364.  339.  230.  231.  313.  326.  216.  227.  261.  168.
   210.  214.  212.  219.  227.  220.  214.  206.  244.    2.    0.   53.
   147.  296.]
 [ 713.  188.  315.  291.  181.  183.  264.  277.  167.  178.  212.  119.
   161.  165.  163.  170.  178.  171.  165.  158.  196.   51.   53.    0.
    99.  294.]
 [ 700.   89.  217.  192.   82.   84.  165.  178.   68.   80.  114.   21.
    62.   66.   65.   71.   80.   72.   66.   59.   97.  145.  147.   99.
     0.  244.]
 [ 715.  310.  415.  391.  303.  289.  364.  377.  319.  330.  277.  234.
   285.  308.  307.  276.  268.  241.  235.  227.  276.  314.  316.  311.
   255.    0.]];
