nOrders = 30;
w = [12.96, 6.48, 6.48, 53.46, 6.48, 3.78, 6.48, 17.82, 10.8, 6.48, 17.82, 17.82, 6.48, 6.48, 12.96, 6.48, 6.48, 35.64, 17.82, 17.82, 6.48, 6.48, 10.8, 6.48, 6.48, 6.48, 35.64, 12.96, 6.48, 6.48];
st = [0, 26.0, 20.0, 20.0, 52.0, 20.0, 20.0, 20.0, 27.0, 20.0, 20.0, 27.0, 27.0, 20.0, 20.0, 26.0, 20.0, 20.0, 35.0, 27.0, 27.0, 20.0, 20.0, 20.0, 20.0, 20.0, 20.0, 35.0, 26.0, 20.0, 20.0];
C = 10000;
G = 3000;
Rt = [6, 6, 6, 1, 2, 2, 2, 3, 3, 3, 1, 1, 1, 3, 1, 3, 3, 2, 6, 6, 6, 6, 6, 6, 6, 6, 6, 6, 6, 6];
t = [[   0.  764.  760.  758.  675.  794.  796.  783.  794.  785.  779.  775.
   775.  785.  785.  758.  778.  777.  740.  732.  763.  761.  757.  744.
   792.  682.  681.  497.  742.  738.  743.]
 [ 754.    0.   21.   28.  130.  105.  107.   42.   57.   66.   72.   76.
    76.   66.   66.   74.   73.   73.   56.   50.   79.   76.   73.   60.
   108.  102.  103.  370.   23.   27.   22.]
 [ 750.   21.    0.    7.  109.   88.   90.   64.   78.   79.   73.   69.
    69.   79.   79.   52.   72.   72.   54.   46.   57.   55.   51.   39.
    87.   92.   93.  366.   18.   22.   17.]
 [ 749.   28.    7.    0.  102.   81.   83.   71.   81.   72.   67.   62.
    62.   72.   72.   46.   65.   65.   61.   53.   51.   48.   45.   32.
    80.   85.   86.  364.   25.   29.   24.]
 [ 725.  130.  109.  102.    0.  129.  131.  155.  130.  120.  115.  110.
   110.  120.  120.   94.  113.  113.  162.  154.   99.   96.   93.   80.
   128.  100.   98.  356.  127.  131.  126.]
 [ 783.  105.   88.   81.  129.    0.    2.   74.   48.   39.   33.   29.
    29.   39.   39.   35.   31.   31.  117.  125.   78.   76.   72.   59.
   107.  143.  141.  399.  106.  110.  105.]
 [ 786.  107.   90.   83.  131.    2.    0.   76.   50.   41.   35.   31.
    31.   41.   41.   38.   34.   34.  119.  127.   80.   78.   74.   61.
   109.  145.  144.  402.  108.  112.  107.]
 [ 773.   42.   64.   71.  155.   74.   76.    0.   26.   35.   41.   45.
    45.   35.   35.   62.   42.   42.   43.   51.  104.  102.   98.   85.
   133.  120.  121.  388.   65.   69.   64.]
 [ 784.   57.   78.   81.  130.   48.   50.   26.    0.    9.   15.   19.
    19.    9.    9.   36.   17.   17.   69.   77.   79.   76.   73.   60.
   108.  144.  142.  400.   79.   83.   78.]
 [ 775.   66.   79.   72.  120.   39.   41.   35.    9.    0.    6.   10.
    10.    0.    0.   27.    7.    7.   78.   86.   69.   67.   63.   50.
    98.  134.  133.  391.   89.   93.   88.]
 [ 769.   72.   73.   67.  115.   33.   35.   41.   15.    6.    0.    4.
     4.    6.    6.   21.    2.    2.   84.   92.   64.   61.   58.   45.
    93.  129.  127.  385.   92.   96.   91.]
 [ 765.   76.   69.   62.  110.   29.   31.   45.   19.   10.    4.    0.
     0.   10.   10.   17.    3.    3.   88.   96.   59.   57.   53.   40.
    88.  124.  123.  381.   87.   91.   86.]
 [ 765.   76.   69.   62.  110.   29.   31.   45.   19.   10.    4.    0.
     0.   10.   10.   17.    3.    3.   88.   96.   59.   57.   53.   40.
    88.  124.  123.  381.   87.   91.   86.]
 [ 775.   66.   79.   72.  120.   39.   41.   35.    9.    0.    6.   10.
    10.    0.    0.   27.    7.    7.   78.   86.   69.   67.   63.   50.
    98.  134.  133.  390.   89.   93.   88.]
 [ 775.   66.   79.   72.  120.   39.   41.   35.    9.    0.    6.   10.
    10.    0.    0.   27.    7.    7.   78.   86.   69.   67.   63.   50.
    98.  134.  133.  390.   89.   93.   88.]
 [ 748.   74.   52.   46.   94.   35.   38.   62.   36.   27.   21.   17.
    17.   27.   27.    0.   19.   19.  105.   98.   43.   40.   37.   24.
    72.  108.  106.  364.   71.   75.   70.]
 [ 767.   73.   72.   65.  113.   31.   34.   42.   17.    7.    2.    3.
     3.    7.    7.   19.    0.    0.   85.   93.   62.   60.   56.   43.
    91.  127.  125.  383.   90.   94.   89.]
 [ 767.   73.   72.   65.  113.   31.   34.   42.   17.    7.    2.    3.
     3.    7.    7.   19.    0.    0.   85.   93.   62.   60.   56.   43.
    91.  127.  125.  383.   90.   94.   89.]
 [ 729.   56.   54.   61.  162.  117.  119.   43.   69.   78.   84.   88.
    88.   78.   78.  105.   85.   85.    0.    8.  111.  109.  105.   92.
   140.   77.   78.  345.   36.   31.   37.]
 [ 722.   50.   46.   53.  154.  125.  127.   51.   77.   86.   92.   96.
    96.   86.   86.   98.   93.   93.    8.    0.  103.  101.   97.   84.
   132.   69.   70.  337.   28.   24.   29.]
 [ 753.   79.   57.   51.   99.   78.   80.  104.   79.   69.   64.   59.
    59.   69.   69.   43.   62.   62.  111.  103.    0.    2.    6.   19.
    29.  113.  111.  369.   76.   80.   75.]
 [ 751.   76.   55.   48.   96.   76.   78.  102.   76.   67.   61.   57.
    57.   67.   67.   40.   60.   60.  109.  101.    2.    0.    4.   17.
    32.  110.  109.  367.   73.   77.   72.]
 [ 747.   73.   51.   45.   93.   72.   74.   98.   73.   63.   58.   53.
    53.   63.   63.   37.   56.   56.  105.   97.    6.    4.    0.   13.
    35.  107.  105.  363.   70.   74.   69.]
 [ 734.   60.   39.   32.   80.   59.   61.   85.   60.   50.   45.   40.
    40.   50.   50.   24.   43.   43.   92.   84.   19.   17.   13.    0.
    48.   94.   92.  350.   57.   61.   56.]
 [ 782.  108.   87.   80.  128.  107.  109.  133.  108.   98.   93.   88.
    88.   98.   98.   72.   91.   91.  140.  132.   29.   32.   35.   48.
     0.  142.  140.  398.  105.  109.  104.]
 [ 672.  100.   92.   85.  100.  143.  145.  118.  144.  134.  129.  124.
   124.  134.  134.  108.  127.  127.   75.   67.  113.  110.  107.   94.
   142.    0.    2.  288.   77.   73.   78.]
 [ 671.  102.   93.   86.   98.  141.  144.  120.  142.  133.  127.  123.
   123.  133.  133.  106.  125.  125.   77.   69.  111.  109.  105.   92.
   140.    2.    0.  286.   79.   75.   80.]
 [ 672.  285.  281.  279.  178.  307.  309.  304.  308.  298.  293.  288.
   288.  298.  298.  272.  291.  291.  261.  253.  277.  274.  271.  258.
   306.  203.  202.    0.  263.  259.  264.]
 [ 732.   23.   18.   25.  127.  106.  108.   65.   79.   89.   92.   87.
    87.   89.   89.   71.   90.   90.   36.   28.   76.   73.   70.   57.
   105.   79.   80.  347.    0.    4.    1.]
 [ 727.   27.   22.   29.  131.  110.  112.   69.   83.   93.   96.   91.
    91.   93.   93.   75.   94.   94.   31.   24.   80.   77.   74.   61.
   109.   75.   76.  343.    4.    0.    5.]
 [ 733.   22.   17.   24.  126.  105.  107.   64.   78.   88.   91.   86.
    86.   88.   88.   70.   89.   89.   37.   29.   75.   72.   69.   56.
   104.   80.   81.  348.    1.    5.    0.]];
