nOrders = 40;
w = [135.0, 35.64, 89.1, 6.48, 12.96, 17.82, 12.96, 6.48, 12.96, 17.82, 6.48, 10.8, 6.48, 6.48, 17.82, 6.48, 12.96, 6.48, 6.48, 35.64, 35.64, 6.48, 6.48, 6.48, 6.48, 6.48, 6.48, 35.64, 35.64, 6.48, 6.48, 6.48, 6.48, 6.48, 17.82, 6.48, 6.48, 6.48, 53.46, 6.48];
st = [0, 420.0, 35.0, 87.0, 20.0, 26.0, 27.0, 26.0, 20.0, 26.0, 27.0, 20.0, 20.0, 20.0, 20.0, 27.0, 20.0, 26.0, 20.0, 20.0, 35.0, 35.0, 20.0, 20.0, 20.0, 20.0, 20.0, 20.0, 35.0, 35.0, 20.0, 20.0, 20.0, 20.0, 20.0, 27.0, 20.0, 20.0, 20.0, 52.0, 20.0];
C = 10000;
G = 3000;
Rt = [1, 1, 2, 3, 2, 2, 2, 1, 1, 1, 1, 6, 6, 6, 3, 3, 2, 2, 2, 1, 3, 3, 3, 1, 3, 3, 6, 6, 2, 6, 2, 2, 2, 1, 1, 3, 3, 3, 2, 6];
t = [[   0.  703.  811.  791.  808.  815.  832.  773.  777.  799.  794.  790.
   785.  779.  786.  775.  775.  758.  778.  777.  817.  814.  740.  757.
   722.  718.  713.  750.  766.  766.  760.  760.  737.  828.  821.  827.
   831.  832.  785.  748.  770.]
 [ 712.    0.  118.  150.  167.  174.  191.   81.   84.  111.  101.   97.
    92.   87.   93.   82.   82.   66.   85.   85.  231.  228.   75.   73.
    93.   97.  102.   58.   82.   82.   76.   75.   78.  187.  180.  186.
   190.  191.   81.   55.  127.]
 [ 800.  118.    0.  174.  191.  199.  215.  105.  108.  135.  126.  122.
   117.  111.  118.  107.  107.   90.  109.  109.  224.  221.   99.   97.
   118.  121.  126.   82.  106.  106.  100.  100.  103.  211.  204.  210.
   215.  216.   50.   63.  151.]
 [ 781.  150.  174.    0.   17.   25.   41.   76.   80.   39.   49.   53.
    58.   63.   57.   68.   68.   84.   65.   65.   99.   96.  111.   94.
   103.  100.   95.  109.  118.  118.  112.  112.  115.   37.   30.   36.
    41.   41.  143.  112.   46.]
 [ 797.  167.  191.   17.    0.    8.   24.   93.   96.   56.   65.   69.
    74.   80.   73.   84.   84.  101.   82.   82.  116.  113.  128.  111.
   120.  116.  111.  126.  135.  135.  129.  128.  131.   39.   45.   39.
    35.   25.  160.  128.   62.]
 [ 805.  174.  199.   25.    8.    0.   16.  101.  104.   64.   73.   77.
    82.   88.   81.   92.   92.  109.   90.   90.  124.  121.  136.  119.
   128.  124.  119.  134.  143.  143.  136.  136.  139.   31.   38.   32.
    27.   17.  168.  136.   70.]
 [ 822.  191.  215.   41.   24.   16.    0.  117.  120.   80.   89.   93.
    99.  104.   98.  109.  109.  125.  106.  106.  118.  115.  152.  135.
   144.  140.  135.  150.  159.  159.  153.  152.  155.   26.   33.   27.
    22.   12.  184.  152.   87.]
 [ 763.   81.  105.   76.   93.  101.  117.    0.    3.   37.   28.   24.
    19.   13.   20.    9.    9.   15.   11.   11.  158.  155.   62.   60.
    81.   84.   89.   45.   69.   69.   63.   63.   66.  113.  106.  112.
   117.  118.   74.   42.   65.]
 [ 766.   84.  108.   80.   96.  104.  120.    3.    0.   40.   31.   27.
    22.   16.   23.   12.   12.   18.   14.   14.  161.  158.   65.   63.
    84.   87.   92.   48.   72.   72.   66.   66.   69.  116.  109.  115.
   120.  121.   77.   45.   68.]
 [ 789.  111.  135.   39.   56.   64.   80.   37.   40.    0.    9.   13.
    19.   24.   18.   29.   29.   45.   26.   26.  120.  118.   92.   76.
   111.  108.  103.   75.   99.   99.   93.   93.   95.   76.   69.   75.
    80.   81.  104.   72.   28.]
 [ 784.  101.  126.   49.   65.   73.   89.   28.   31.    9.    0.    4.
     9.   15.    8.   19.   19.   36.   17.   17.  130.  127.   83.   81.
   101.  105.  112.   66.   90.   90.   84.   83.   86.   85.   78.   84.
    89.   90.   95.   63.   37.]
 [ 780.   97.  122.   53.   69.   77.   93.   24.   27.   13.    4.    0.
     5.   11.    4.   15.   15.   32.   12.   13.  134.  131.   79.   77.
    97.  100.  106.   61.   86.   86.   79.   79.   82.   89.   82.   89.
    93.   94.   91.   59.   41.]
 [ 775.   92.  117.   58.   74.   82.   99.   19.   22.   19.    9.    5.
     0.    6.    1.   10.   10.   27.    7.    7.  139.  136.   74.   72.
    92.   95.  101.   56.   81.   81.   74.   74.   77.   94.   88.   94.
    98.   99.   86.   54.   46.]
 [ 769.   87.  111.   63.   80.   88.  104.   13.   16.   24.   15.   11.
     6.    0.    7.    4.    4.   21.    2.    2.  145.  142.   68.   66.
    86.   90.   95.   51.   75.   75.   69.   68.   71.  100.   93.   99.
   104.  105.   80.   48.   52.]
 [ 776.   93.  118.   57.   73.   81.   98.   20.   23.   18.    8.    4.
     1.    7.    0.   11.   11.   28.    8.    8.  138.  135.   75.   73.
    93.   96.  102.   57.   82.   82.   75.   75.   78.   93.   87.   93.
    97.   98.   87.   55.   45.]
 [ 765.   82.  107.   68.   84.   92.  109.    9.   12.   29.   19.   15.
    10.    4.   11.    0.    0.   17.    3.    3.  149.  146.   64.   62.
    82.   85.   91.   46.   71.   71.   64.   64.   67.  104.   98.  104.
   108.  109.   76.   44.   56.]
 [ 765.   82.  107.   68.   84.   92.  109.    9.   12.   29.   19.   15.
    10.    4.   11.    0.    0.   17.    3.    3.  149.  146.   64.   62.
    82.   85.   91.   46.   71.   71.   64.   64.   67.  104.   98.  104.
   108.  109.   76.   44.   56.]
 [ 748.   66.   90.   84.  101.  109.  125.   15.   18.   45.   36.   32.
    27.   21.   28.   17.   17.    0.   19.   19.  166.  163.   47.   45.
    65.   69.   74.   30.   54.   54.   48.   47.   50.  121.  114.  120.
   125.  126.   59.   27.   73.]
 [ 767.   85.  109.   65.   82.   90.  106.   11.   14.   26.   17.   12.
     7.    2.    8.    3.    3.   19.    0.    0.  146.  143.   66.   64.
    85.   88.   93.   49.   73.   73.   67.   67.   70.  102.   95.  101.
   106.  106.   78.   46.   54.]
 [ 767.   85.  109.   65.   82.   90.  106.   11.   14.   26.   17.   13.
     7.    2.    8.    3.    3.   19.    0.    0.  146.  143.   66.   64.
    85.   88.   93.   49.   73.   73.   67.   67.   70.  102.   95.  101.
   106.  106.   78.   46.   54.]
 [ 862.  231.  212.   99.  116.  124.  118.  158.  161.  120.  130.  134.
   139.  145.  138.  149.  149.  166.  146.  146.    0.    3.  192.  175.
   184.  181.  176.  191.  199.  199.  193.  193.  196.  136.  129.  135.
   140.  129.  212.  193.  127.]
 [ 859.  228.  210.   96.  113.  121.  115.  155.  158.  118.  127.  131.
   136.  142.  135.  146.  146.  163.  143.  143.    3.    0.  189.  172.
   181.  178.  173.  188.  196.  196.  190.  190.  193.  133.  126.  132.
   137.  127.  209.  190.  124.]
 [ 731.   75.   99.  111.  128.  136.  152.   62.   65.   92.   83.   79.
    74.   68.   75.   64.   64.   47.   66.   66.  192.  189.    0.   17.
    18.   22.   27.   17.   26.   26.   20.   20.    3.  148.  141.  147.
   152.  152.   68.   37.   71.]
 [ 748.   73.   97.   94.  111.  119.  135.   60.   63.   76.   81.   77.
    72.   66.   73.   62.   62.   45.   64.   64.  175.  172.   17.    0.
    36.   39.   44.   15.   24.   24.   18.   18.   21.  131.  124.  130.
   135.  135.   66.   35.   54.]
 [ 713.   93.  118.  102.  118.  126.  142.   81.   84.  110.  101.   97.
    92.   86.   93.   82.   82.   65.   85.   85.  183.  180.   18.   36.
     0.    3.    9.   36.   45.   45.   38.   38.   15.  138.  131.  137.
   142.  143.   87.   55.   81.]
 [ 709.   97.  121.   98.  115.  123.  139.   84.   87.  106.  105.  100.
    95.   90.   96.   85.   85.   69.   88.   88.  179.  176.   22.   39.
     3.    0.    5.   39.   48.   48.   42.   41.   18.  135.  128.  134.
   139.  139.   90.   58.   78.]
 [ 704.  102.  126.   93.  110.  118.  134.   89.   92.  101.  110.  106.
   101.   95.  102.   91.   91.   74.   93.   93.  174.  171.   27.   44.
     9.    5.    0.   44.   53.   53.   47.   47.   24.  130.  123.  129.
   134.  134.   95.   63.   72.]
 [ 740.   58.   82.  109.  126.  134.  150.   45.   48.   75.   66.   61.
    56.   51.   57.   46.   46.   30.   49.   49.  191.  188.   17.   15.
    36.   39.   44.    0.   24.   24.   18.   18.   21.  146.  139.  145.
   150.  151.   51.   19.   69.]
 [ 757.   82.  106.  118.  135.  143.  159.   69.   72.   99.   90.   86.
    81.   75.   82.   71.   71.   54.   73.   73.  199.  196.   26.   24.
    45.   48.   53.   24.    0.    0.   11.   10.   30.  155.  148.  154.
   159.  159.   75.   44.   78.]
 [ 757.   82.  106.  118.  135.  143.  159.   69.   72.   99.   90.   86.
    81.   75.   82.   71.   71.   54.   73.   73.  199.  196.   26.   24.
    45.   48.   53.   24.    0.    0.   11.   10.   30.  155.  148.  154.
   159.  159.   75.   44.   78.]
 [ 751.   76.  100.  112.  129.  136.  153.   63.   66.   93.   84.   79.
    74.   69.   75.   64.   64.   48.   67.   67.  193.  190.   20.   18.
    38.   42.   47.   18.   11.   11.    0.    0.   23.  149.  142.  148.
   152.  153.   69.   37.   72.]
 [ 751.   75.  100.  112.  128.  136.  152.   63.   66.   93.   83.   79.
    74.   68.   75.   64.   64.   47.   67.   67.  193.  190.   20.   18.
    38.   41.   47.   18.   10.   10.    0.    0.   23.  148.  141.  147.
   152.  153.   69.   37.   71.]
 [ 728.   78.  103.  117.  133.  141.  157.   66.   69.   95.   86.   82.
    77.   71.   78.   67.   67.   50.   70.   70.  198.  195.    3.   21.
    15.   18.   24.   21.   30.   30.   23.   23.    0.  153.  146.  152.
   157.  158.   72.   40.   74.]
 [ 817.  187.  211.   37.   39.   31.   26.  113.  116.   76.   85.   89.
    94.  100.   93.  104.  104.  121.  102.  102.  136.  133.  148.  131.
   140.  136.  131.  146.  155.  155.  149.  148.  151.    0.    7.    1.
     4.   14.  180.  148.   82.]
 [ 811.  180.  204.   30.   45.   38.   33.  106.  109.   69.   78.   82.
    88.   93.   87.   98.   98.  114.   95.   95.  129.  126.  141.  124.
   133.  129.  124.  139.  148.  148.  142.  141.  144.    7.    0.    6.
    11.   21.  173.  141.   76.]
 [ 817.  186.  210.   36.   39.   32.   27.  112.  115.   75.   84.   89.
    94.   99.   93.  104.  104.  120.  101.  101.  135.  132.  147.  130.
   139.  136.  130.  145.  154.  154.  148.  147.  150.    1.    6.    0.
     5.   15.  179.  147.   82.]
 [ 821.  190.  215.   41.   35.   27.   22.  117.  120.   80.   89.   93.
    98.  104.   97.  108.  108.  125.  106.  106.  140.  137.  152.  135.
   144.  140.  135.  150.  159.  159.  152.  152.  155.    4.   11.    5.
     0.   10.  184.  152.   86.]
 [ 822.  191.  216.   41.   25.   17.   12.  118.  121.   81.   90.   94.
    99.  105.   98.  109.  109.  126.  106.  106.  129.  127.  152.  135.
   144.  141.  136.  151.  159.  159.  153.  153.  156.   14.   21.   15.
    10.    0.  185.  153.   87.]
 [ 769.   81.   50.  143.  160.  168.  184.   74.   77.  104.   95.   91.
    86.   80.   87.   76.   76.   59.   78.   78.  224.  222.   68.   66.
    87.   90.   95.   51.   75.   75.   69.   69.   72.  180.  173.  179.
   184.  185.    0.   32.  120.]
 [ 738.   55.   63.  112.  128.  136.  152.   42.   45.   72.   63.   59.
    54.   48.   55.   44.   44.   27.   46.   46.  193.  190.   37.   35.
    55.   58.   63.   19.   44.   44.   37.   37.   40.  148.  141.  147.
   152.  153.   32.    0.   88.]
 [ 760.  127.  151.   46.   62.   70.   87.   65.   68.   28.   37.   41.
    46.   52.   45.   56.   56.   73.   54.   54.  127.  124.   71.   54.
    82.   79.   74.   69.   78.   78.   72.   71.   74.   82.   76.   82.
    86.   87.  120.   88.    0.]];
