nOrders = 45;
w = [35.64, 6.48, 6.48, 81.0, 6.48, 135.0, 135.0, 35.64, 12.96, 35.64, 89.1, 12.96, 6.48, 35.64, 12.96, 6.48, 6.48, 35.64, 17.82, 6.48, 10.8, 6.48, 6.48, 17.82, 35.64, 6.48, 17.82, 17.82, 6.48, 3.78, 10.8, 6.48, 6.48, 6.48, 6.48, 6.48, 6.48, 6.48, 6.48, 6.48, 6.48, 135.0, 12.96, 35.64, 12.96];
st = [0, 35.0, 20.0, 20.0, 420.0, 20.0, 420.0, 420.0, 35.0, 26.0, 35.0, 87.0, 26.0, 20.0, 35.0, 26.0, 20.0, 20.0, 35.0, 27.0, 20.0, 20.0, 20.0, 20.0, 27.0, 35.0, 20.0, 27.0, 27.0, 20.0, 20.0, 20.0, 20.0, 20.0, 20.0, 20.0, 20.0, 20.0, 20.0, 20.0, 20.0, 20.0, 420.0, 26.0, 35.0, 26.0];
C = 10000;
G = 3000;
Rt = [2, 2, 2, 1, 1, 1, 1, 2, 6, 2, 2, 2, 2, 2, 2, 3, 6, 2, 6, 6, 2, 2, 3, 3, 2, 3, 2, 2, 6, 6, 6, 6, 6, 3, 3, 6, 3, 6, 3, 3, 3, 1, 6, 2, 6];
t = [[   0.  757.  761.  758.  811.  680.  703.  703.  803.  795.  811.  791.
   801.  808.  839.  773.  777.  794.  800.  794.  790.  785.  786.  786.
   775.  740.  738.  732.  720.  701.  689.  744.  797.  736.  792.  723.
   710.  706.  702.  695.  690.  682.  680.  822.  809.  836.]
 [ 748.    0.    6.    0.  114.  152.   73.   73.   91.   82.   98.   94.
   104.  110.  142.   61.   64.   81.   87.   81.   77.   72.   73.   73.
    62.   61.   60.   53.   47.   65.   77.   32.   84.   21.   79.   35.
    57.   61.   65.   72.   77.   85.  130.  125.  112.  139.]
 [ 750.    6.    0.    6.  107.  159.   80.   80.   97.   88.  104.   87.
    97.  104.  135.   67.   70.   87.   94.   79.   83.   78.   79.   79.
    68.   54.   53.   47.   41.   71.   83.   38.   91.   27.   85.   41.
    63.   67.   72.   78.   84.   91.  136.  119.  106.  133.]
 [ 749.    0.    6.    0.  114.  153.   73.   73.   91.   82.   98.   94.
   103.  110.  141.   61.   64.   81.   87.   81.   77.   72.   73.   73.
    62.   61.   60.   53.   47.   65.   77.   32.   85.   21.   79.   35.
    57.   61.   65.   72.   78.   85.  130.  125.  112.  139.]
 [ 801.  114.  107.  114.    0.  249.  170.  170.  187.  179.  194.   48.
    58.   65.   96.   97.  100.  117.  184.   69.   73.   78.   77.   77.
    88.   72.   73.   79.   91.  162.  174.  128.  181.  138.  176.  124.
   120.  124.  129.  135.  141.  148.  227.   79.   66.   93.]
 [ 730.  152.  159.  153.  249.    0.   79.   79.  190.  181.  197.  229.
   239.  246.  277.  160.  163.  180.  187.  181.  176.  171.  172.  172.
   161.  213.  212.  205.  199.  100.  112.  131.  184.  158.  178.  171.
   179.  175.  170.  164.  158.  151.   56.  260.  247.  274.]
 [ 712.   73.   80.   73.  170.   79.    0.    0.  111.  102.  118.  150.
   160.  167.  198.   81.   84.  101.  107.  101.   97.   92.   93.   93.
    82.  134.  133.  126.  120.   21.   33.   52.  105.   78.   99.   92.
   100.   95.   91.   85.   79.   72.   57.  181.  168.  195.]
 [ 712.   73.   80.   73.  170.   79.    0.    0.  111.  102.  118.  150.
   160.  167.  198.   81.   84.  101.  107.  101.   97.   92.   93.   93.
    82.  134.  133.  126.  120.   21.   33.   52.  105.   78.   99.   92.
   100.   95.   91.   85.   79.   72.   57.  181.  168.  195.]
 [ 793.   91.   97.   91.  187.  190.  111.  111.    0.   27.   43.  167.
   177.  184.  215.   98.  101.  118.   32.  119.  115.  109.  110.  110.
    99.  151.  150.  143.  138.  103.  114.   59.   30.   96.   24.  109.
   131.  136.  140.  146.  152.  153.  167.  198.  186.  212.]
 [ 785.   82.   88.   82.  179.  181.  102.  102.   27.    0.   16.  159.
   169.  175.  207.   89.   93.  110.   24.  110.  106.  101.  102.  102.
    91.  143.  142.  135.  129.   94.  106.   50.    3.   87.    3.  101.
   123.  127.  131.  138.  143.  144.  159.  190.  177.  204.]
 [ 800.   98.  104.   98.  194.  197.  118.  118.   43.   16.    0.  174.
   184.  191.  222.  105.  108.  125.   39.  126.  122.  117.  117.  118.
   107.  158.  157.  151.  145.  110.  121.   66.   13.  103.   19.  117.
   138.  143.  147.  153.  159.  160.  175.  206.  193.  220.]
 [ 781.   94.   87.   94.   48.  229.  150.  150.  167.  159.  174.    0.
    10.   17.   48.   76.   80.   97.  164.   49.   53.   58.   57.   57.
    68.   51.   53.   59.   71.  142.  154.  108.  161.  118.  156.  104.
   100.  104.  109.  115.  121.  128.  207.   31.   18.   45.]
 [ 791.  104.   97.  103.   58.  239.  160.  160.  177.  169.  184.   10.
     0.    7.   38.   86.   89.  106.  174.   58.   63.   68.   67.   67.
    78.   61.   62.   69.   81.  152.  163.  118.  171.  128.  166.  114.
   110.  114.  119.  125.  131.  138.  217.   40.   27.   37.]
 [ 797.  110.  104.  110.   65.  246.  167.  167.  184.  175.  191.   17.
     7.    0.   31.   93.   96.  113.  181.   65.   69.   74.   74.   73.
    84.   68.   69.   76.   88.  158.  170.  125.  178.  135.  172.  121.
   117.  121.  125.  132.  137.  145.  223.   44.   34.   30.]
 [ 829.  142.  135.  141.   96.  277.  198.  198.  215.  207.  222.   48.
    38.   31.    0.  124.  127.  144.  212.   96.  101.  106.  105.  105.
   116.   99.  100.  107.  119.  190.  201.  156.  209.  166.  204.  152.
   148.  152.  157.  163.  169.  176.  255.   38.   51.   24.]
 [ 763.   61.   67.   61.   97.  160.   81.   81.   98.   89.  105.   76.
    86.   93.  124.    0.    3.   20.   95.   28.   24.   19.   19.   20.
     9.   97.   98.  105.  108.   73.   84.   39.   92.   66.   86.   79.
   101.  106.  110.  116.  122.  123.  137.  108.   95.  122.]
 [ 766.   64.   70.   64.  100.  163.   84.   84.  101.   93.  108.   80.
    89.   96.  127.    3.    0.   17.   98.   31.   27.   22.   22.   23.
    12.  100.  101.  108.  111.   76.   87.   42.   95.   69.   90.   83.
   104.  109.  113.  119.  125.  126.  141.  111.   98.  125.]
 [ 783.   81.   87.   81.  117.  180.  101.  101.  118.  110.  125.   97.
   106.  113.  144.   20.   17.    0.  115.   48.   44.   39.   39.   40.
    29.  117.  118.  125.  128.   93.  104.   59.  112.   86.  107.  100.
   121.  126.  130.  136.  142.  143.  158.  128.  115.  142.]
 [ 790.   87.   94.   87.  184.  187.  107.  107.   32.   24.   39.  164.
   174.  181.  212.   95.   98.  115.    0.  115.  111.  106.  107.  107.
    96.  148.  147.  140.  134.   99.  111.   56.   26.   92.   21.  106.
   128.  132.  137.  143.  149.  150.  164.  195.  182.  209.]
 [ 784.   81.   79.   81.   69.  181.  101.  101.  119.  110.  126.   49.
    58.   65.   96.   28.   31.   48.  115.    0.    4.    9.    9.    8.
    19.   69.   70.   77.   88.   93.  105.   60.  113.   86.  107.  100.
   117.  122.  126.  132.  138.  144.  158.   80.   67.   94.]
 [ 780.   77.   83.   77.   73.  176.   97.   97.  115.  106.  122.   53.
    63.   69.  101.   24.   27.   44.  111.    4.    0.    5.    4.    4.
    15.   73.   74.   81.   93.   89.  101.   56.  108.   82.  103.   96.
   118.  122.  126.  133.  139.  139.  154.   84.   71.   98.]
 [ 775.   72.   78.   72.   78.  171.   92.   92.  109.  101.  117.   58.
    68.   74.  106.   19.   22.   39.  106.    9.    5.    0.    1.    1.
    10.   78.   79.   86.   98.   84.   96.   50.  103.   77.   98.   91.
   113.  117.  121.  128.  133.  134.  149.   89.   76.  103.]
 [ 775.   73.   79.   73.   77.  172.   93.   93.  110.  102.  117.   57.
    67.   74.  105.   19.   22.   39.  107.    9.    4.    1.    0.    0.
    11.   77.   78.   85.   97.   85.   96.   51.  104.   78.   99.   92.
   113.  118.  122.  128.  134.  135.  150.   88.   75.  102.]
 [ 776.   73.   79.   73.   77.  172.   93.   93.  110.  102.  118.   57.
    67.   73.  105.   20.   23.   40.  107.    8.    4.    1.    0.    0.
    11.   77.   78.   85.   97.   85.   97.   51.  104.   78.   99.   92.
   114.  118.  122.  129.  134.  135.  150.   88.   75.  102.]
 [ 765.   62.   68.   62.   88.  161.   82.   82.   99.   91.  107.   68.
    78.   84.  116.    9.   12.   29.   96.   19.   15.   10.   11.   11.
     0.   88.   89.   96.  108.   74.   86.   40.   93.   67.   88.   81.
   103.  107.  111.  118.  123.  124.  139.   99.   86.  113.]
 [ 729.   61.   54.   61.   72.  213.  134.  134.  151.  143.  158.   51.
    61.   68.   99.   97.  100.  117.  148.   69.   73.   78.   77.   77.
    88.    0.    1.    8.   20.  127.  115.   92.  145.   67.  140.   53.
    49.   53.   57.   64.   69.   77.  191.   83.   70.   97.]
 [ 728.   60.   53.   60.   73.  212.  133.  133.  150.  142.  157.   53.
    62.   69.  100.   98.  101.  118.  147.   70.   74.   79.   78.   78.
    89.    1.    0.    7.   19.  126.  114.   91.  144.   65.  139.   52.
    48.   52.   56.   63.   68.   76.  190.   84.   71.   98.]
 [ 722.   53.   47.   53.   79.  205.  126.  126.  143.  135.  151.   59.
    69.   76.  107.  105.  108.  125.  140.   77.   81.   86.   85.   85.
    96.    8.    7.    0.   12.  119.  107.   84.  137.   59.  132.   45.
    41.   45.   49.   56.   62.   69.  183.   91.   78.  105.]
 [ 710.   47.   41.   47.   91.  199.  120.  120.  138.  129.  145.   71.
    81.   88.  119.  108.  111.  128.  134.   88.   93.   98.   97.   97.
   108.   20.   19.   12.    0.  108.   96.   79.  131.   47.  126.   33.
    29.   33.   38.   44.   50.   57.  177.  102.   89.  116.]
 [ 691.   65.   71.   65.  162.  100.   21.   21.  103.   94.  110.  142.
   152.  158.  190.   73.   76.   93.   99.   93.   89.   84.   85.   85.
    74.  126.  125.  118.  106.    0.   12.   44.   96.   70.   91.   84.
    78.   74.   70.   64.   58.   50.   78.  173.  160.  187.]
 [ 679.   77.   83.   77.  174.  112.   33.   33.  114.  106.  121.  154.
   163.  170.  201.   84.   87.  104.  111.  105.  101.   96.   96.   97.
    86.  114.  113.  106.   94.   12.    0.   55.  108.   82.  103.   89.
    67.   62.   58.   52.   46.   39.   90.  185.  172.  199.]
 [ 734.   32.   38.   32.  128.  131.   52.   52.   59.   50.   66.  108.
   118.  125.  156.   39.   42.   59.   56.   60.   56.   50.   51.   51.
    40.   92.   91.   84.   79.   44.   55.    0.   53.   37.   47.   50.
    72.   77.   81.   87.   93.   94.  108.  139.  127.  153.]
 [ 787.   84.   91.   85.  181.  184.  105.  105.   30.    3.   13.  161.
   171.  178.  209.   92.   95.  112.   26.  113.  108.  103.  104.  104.
    93.  145.  144.  137.  131.   96.  108.   53.    0.   90.    5.  103.
   125.  129.  134.  140.  146.  147.  161.  192.  179.  206.]
 [ 727.   21.   27.   21.  137.  158.   78.   78.   96.   87.  103.  116.
   126.  133.  164.   66.   69.   86.   92.   86.   82.   77.   78.   78.
    67.   65.   64.   57.   45.   70.   82.   37.   90.    0.   84.   14.
    36.   40.   44.   51.   56.   64.  135.  148.  135.  162.]
 [ 782.   79.   85.   79.  176.  178.   99.   99.   24.    3.   19.  156.
   166.  172.  204.   86.   90.  107.   21.  107.  103.   98.   99.   99.
    88.  140.  139.  132.  126.   91.  103.   47.    5.   84.    0.   98.
   120.  124.  128.  135.  140.  141.  156.  187.  174.  201.]
 [ 714.   35.   41.   35.  123.  171.   92.   92.  109.  101.  117.  103.
   113.  119.  151.   79.   83.  100.  106.  100.   96.   91.   92.   92.
    81.   51.   50.   43.   32.   84.   89.   50.  103.   14.   98.    0.
    22.   26.   30.   37.   43.   50.  149.  134.  121.  148.]
 [ 700.   57.   63.   57.  119.  179.  100.  100.  131.  123.  138.   99.
   109.  115.  147.  101.  104.  121.  128.  116.  120.  113.  113.  114.
   103.   47.   46.   39.   28.   78.   67.   72.  125.   36.  120.   22.
     0.    4.    9.   15.   21.   28.  156.  130.  117.  144.]
 [ 696.   61.   67.   61.  123.  175.   95.   95.  136.  127.  143.  103.
   113.  119.  151.  106.  109.  126.  132.  120.  124.  117.  118.  118.
   107.   51.   50.   44.   32.   74.   62.   77.  129.   40.  124.   26.
     4.    0.    4.   11.   17.   24.  152.  134.  121.  148.]
 [ 692.   65.   72.   65.  127.  170.   91.   91.  140.  131.  147.  107.
   117.  124.  155.  110.  113.  130.  137.  124.  129.  121.  122.  122.
   111.   56.   55.   48.   36.   70.   58.   81.  134.   44.  128.   30.
     9.    4.    0.    6.   12.   20.  148.  138.  125.  152.]
 [ 685.   72.   78.   72.  134.  164.   85.   85.  146.  138.  153.  114.
   123.  130.  161.  116.  119.  136.  143.  131.  135.  128.  128.  129.
   118.   62.   61.   54.   43.   64.   52.   87.  140.   51.  135.   37.
    15.   11.    6.    0.    6.   13.  141.  145.  132.  159.]
 [ 680.   77.   84.   78.  139.  158.   79.   79.  152.  143.  159.  119.
   129.  136.  167.  122.  125.  142.  149.  137.  141.  133.  134.  134.
   123.   68.   67.   60.   48.   58.   46.   93.  146.   56.  140.   43.
    21.   17.   12.    6.    0.    7.  136.  151.  138.  165.]
 [ 672.   85.   91.   85.  147.  151.   72.   72.  153.  144.  160.  127.
   137.  143.  175.  123.  126.  143.  150.  144.  139.  134.  135.  135.
   124.   75.   74.   67.   56.   50.   39.   94.  147.   64.  141.   50.
    28.   24.   20.   13.    7.    0.  128.  158.  145.  172.]
 [ 730.  130.  136.  130.  227.   56.   57.   57.  167.  159.  175.  207.
   217.  223.  255.  137.  141.  158.  164.  158.  154.  149.  150.  150.
   139.  191.  190.  183.  177.   78.   90.  108.  161.  135.  156.  149.
   156.  152.  148.  141.  136.  128.    0.  238.  225.  252.]
 [ 812.  125.  119.  125.   79.  260.  181.  181.  198.  190.  206.   31.
    40.   44.   38.  108.  111.  128.  195.   80.   84.   89.   88.   88.
    99.   83.   84.   91.  102.  173.  185.  139.  192.  149.  187.  135.
   131.  136.  140.  146.  152.  159.  238.    0.   13.   14.]
 [ 799.  112.  106.  112.   66.  247.  168.  168.  186.  177.  193.   18.
    27.   34.   51.   95.   98.  115.  182.   67.   71.   76.   75.   75.
    86.   70.   71.   78.   89.  160.  172.  127.  179.  136.  174.  123.
   118.  123.  127.  133.  139.  146.  225.   13.    0.   27.]
 [ 826.  139.  133.  139.   93.  274.  195.  195.  212.  204.  220.   45.
    37.   30.   24.  122.  125.  142.  209.   94.   98.  103.  102.  102.
   113.   97.   98.  105.  116.  187.  199.  153.  206.  163.  201.  149.
   145.  150.  154.  160.  166.  173.  252.   14.   27.    0.]];
