nOrders = 50;
w = [6.48, 6.48, 6.48, 12.96, 6.48, 6.48, 6.48, 17.82, 35.64, 51.84, 6.48, 81.0, 6.48, 17.82, 17.82, 35.64, 6.48, 6.48, 6.48, 6.48, 12.96, 6.48, 6.48, 6.48, 35.64, 6.48, 6.48, 81.0, 53.46, 6.48, 135.0, 135.0, 35.64, 12.96, 6.48, 35.64, 89.1, 12.96, 6.48, 12.96, 6.48, 6.48, 3.78, 17.82, 17.82, 35.64, 12.96, 6.48, 6.48, 6.48];
st = [0, 20.0, 20.0, 20.0, 26.0, 20.0, 20.0, 20.0, 27.0, 35.0, 104.0, 20.0, 420.0, 20.0, 27.0, 27.0, 35.0, 20.0, 20.0, 20.0, 20.0, 26.0, 20.0, 20.0, 20.0, 35.0, 20.0, 20.0, 420.0, 52.0, 20.0, 420.0, 420.0, 35.0, 26.0, 20.0, 35.0, 87.0, 26.0, 20.0, 26.0, 20.0, 20.0, 20.0, 27.0, 27.0, 35.0, 26.0, 20.0, 20.0, 20.0];
C = 10000;
G = 3000;
Rt = [1, 1, 1, 1, 1, 1, 1, 1, 1, 1, 6, 6, 6, 6, 6, 6, 6, 2, 2, 2, 2, 2, 2, 2, 3, 3, 3, 3, 3, 3, 1, 2, 3, 6, 3, 2, 1, 1, 1, 6, 6, 6, 2, 2, 2, 2, 3, 3, 3, 3];
t = [[   0.  777.  776.  772.  764.  766.  764.  764.  839.  839.  820.  839.
   820.  858.  830.  849.  845.  762.  756.  757.  755.  755.  757.  744.
   760.  757.  761.  758.  811.  675.  680.  703.  703.  803.  795.  806.
   811.  791.  801.  808.  815.  819.  823.  831.  832.  839.  839.  773.
   777.  794.  799.]
 [ 767.    0.    1.    5.   13.   11.   13.   13.  151.  151.  131.  151.
   132.  119.   92.  111.  107.   16.   21.   20.   30.   23.   32.   33.
    34.   41.   35.   41.   73.  143.  194.  114.  114.  132.  123.  134.
   139.   53.   63.   69.   77.   80.   84.   92.   93.  100.  101.   72.
    75.   92.   97.]
 [ 766.    1.    0.    4.   12.   10.   12.   12.  152.  152.  132.  152.
   133.  120.   93.  112.  108.   15.   20.   19.   29.   22.   31.   32.
    33.   40.   34.   40.   74.  142.  193.  113.  113.  131.  122.  133.
   138.   54.   64.   70.   78.   81.   85.   93.   94.  101.  102.   73.
    76.   93.   98.]
 [ 762.    5.    4.    0.    8.    6.    9.    9.  155.  155.  136.  156.
   137.  124.   96.  115.  112.   11.   17.   15.   25.   18.   27.   29.
    29.   37.   30.   36.   77.  138.  189.  110.  110.  127.  118.  130.
   134.   57.   67.   74.   82.   85.   89.   97.   98.  105.  105.   76.
    80.   97.  102.]
 [ 754.   13.   12.    8.    0.    2.    1.    1.  164.  164.  144.  164.
   145.  132.  104.  124.  120.    3.    9.    7.   17.   10.   19.   21.
    21.   28.   22.   28.   85.  130.  181.  102.  102.  119.  110.  122.
   126.   65.   75.   82.   90.   93.   97.  105.  106.  113.  113.   85.
    88.  105.  110.]
 [ 756.   11.   10.    6.    2.    0.    3.    3.  162.  162.  142.  162.
   143.  130.  102.  122.  118.    5.   11.    9.   19.   12.   21.   23.
    23.   30.   24.   30.   84.  132.  183.  104.  104.  121.  112.  124.
   128.   63.   73.   80.   88.   91.   95.  103.  104.  111.  111.   83.
    86.  103.  108.]
 [ 754.   13.   12.    9.    1.    3.    0.    0.  164.  164.  145.  164.
   145.  133.  105.  124.  120.    2.    8.    6.   16.    9.   18.   20.
    21.   28.   21.   28.   86.  129.  180.  101.  101.  118.  110.  121.
   125.   66.   76.   83.   90.   94.   98.  106.  107.  114.  114.   85.
    88.  105.  110.]
 [ 754.   13.   12.    9.    1.    3.    0.    0.  164.  164.  145.  164.
   145.  133.  105.  124.  120.    2.    8.    6.   16.    9.   18.   20.
    21.   28.   21.   28.   86.  129.  180.  101.  101.  118.  110.  121.
   125.   66.   76.   83.   90.   94.   98.  106.  107.  114.  114.   85.
    88.  105.  110.]
 [ 879.  151.  152.  155.  164.  162.  164.  164.    0.    0.   19.   63.
    44.   57.  106.   65.   69.  166.  172.  170.  180.  173.  182.  184.
   185.  192.  186.  192.  146.  276.  327.  248.  248.  227.  218.  230.
   234.  116.  114.  107.   99.   96.   92.   84.   83.   76.   76.  175.
   178.  195.  200.]
 [ 879.  151.  152.  155.  164.  162.  164.  164.    0.    0.   19.   63.
    44.   57.  106.   65.   69.  166.  172.  170.  180.  173.  182.  184.
   185.  192.  186.  192.  146.  276.  327.  248.  248.  227.  218.  230.
   234.  116.  114.  107.   99.   96.   92.   84.   83.   76.   76.  175.
   178.  195.  200.]
 [ 860.  131.  132.  136.  144.  142.  145.  145.   19.   19.    0.   44.
    25.   38.   87.   46.   50.  147.  153.  151.  161.  154.  163.  165.
   165.  173.  166.  172.  127.  257.  308.  229.  229.  208.  199.  210.
   215.   97.   94.   88.   80.   76.   72.   64.   63.   57.   56.  155.
   158.  175.  180.]
 [ 879.  151.  152.  156.  164.  162.  164.  164.   63.   63.   44.    0.
    19.   38.   88.   47.   50.  167.  172.  171.  181.  174.  183.  184.
   185.  192.  186.  192.  147.  277.  328.  248.  248.  227.  219.  230.
   234.  105.   95.   88.   80.   77.   73.   65.   64.   57.   57.  175.
   178.  195.  200.]
 [ 860.  132.  133.  137.  145.  143.  145.  145.   44.   44.   25.   19.
     0.   19.   69.   28.   31.  147.  153.  152.  161.  154.  164.  165.
   166.  173.  167.  173.  127.  257.  308.  229.  229.  208.  200.  211.
   215.   86.   76.   69.   61.   58.   54.   46.   45.   38.   38.  156.
   159.  176.  181.]
 [ 847.  119.  120.  124.  132.  130.  133.  133.   57.   57.   38.   38.
    19.    0.   49.    8.   12.  135.  141.  139.  149.  142.  151.  153.
   153.  160.  154.  160.  115.  245.  296.  217.  217.  221.  213.  224.
   228.   67.   57.   50.   42.   39.   35.   27.   26.   19.   19.  143.
   146.  163.  168.]
 [ 820.   92.   93.   96.  104.  102.  105.  105.  106.  106.   87.   88.
    69.   49.    0.   41.   37.  107.  113.  111.  121.  114.  123.  125.
   126.  133.  126.  132.   87.  217.  268.  189.  189.  206.  198.  209.
   213.   39.   43.   36.   28.   25.   21.   23.   23.   30.   31.  115.
   118.  135.  140.]
 [ 839.  111.  112.  115.  124.  122.  124.  124.   65.   65.   46.   47.
    28.    8.   41.    0.    4.  126.  132.  130.  140.  133.  142.  144.
   145.  152.  146.  152.  106.  236.  287.  208.  208.  225.  217.  228.
   233.   58.   48.   42.   34.   30.   27.   18.   18.   11.   10.  135.
   138.  155.  160.]
 [ 835.  107.  108.  112.  120.  118.  120.  120.   69.   69.   50.   50.
    31.   12.   37.    4.    0.  123.  128.  127.  137.  130.  139.  141.
   141.  148.  142.  148.  103.  233.  284.  204.  204.  222.  213.  224.
   229.   55.   45.   38.   30.   27.   23.   15.   14.    7.    7.  131.
   134.  151.  156.]
 [ 751.   16.   15.   11.    3.    5.    2.    2.  166.  166.  147.  167.
   147.  135.  107.  126.  123.    0.    6.    4.   14.    7.   16.   18.
    19.   26.   19.   25.   88.  127.  178.   99.   99.  116.  108.  119.
   123.   68.   78.   85.   93.   96.  100.  108.  109.  116.  116.   86.
    89.  106.  111.]
 [ 746.   21.   20.   17.    9.   11.    8.    8.  172.  172.  153.  172.
   153.  141.  113.  132.  128.    6.    0.    2.    8.    1.   10.   12.
    13.   20.   13.   20.   94.  121.  172.   93.   93.  110.  102.  113.
   117.   74.   84.   91.   98.  102.  106.  114.  115.  122.  122.   80.
    83.  100.  105.]
 [ 747.   20.   19.   15.    7.    9.    6.    6.  170.  170.  151.  171.
   152.  139.  111.  130.  127.    4.    2.    0.   10.    3.   12.   14.
    14.   22.   15.   21.   92.  123.  174.   95.   95.  112.  103.  115.
   119.   72.   82.   89.   97.  100.  104.  112.  113.  120.  120.   82.
    85.  102.  107.]
 [ 745.   30.   29.   25.   17.   19.   16.   16.  180.  180.  161.  181.
   161.  149.  121.  140.  137.   14.    8.   10.    0.    7.    2.   12.
     5.   12.    5.   11.  102.  113.  164.   85.   85.  102.   94.  105.
   109.   82.   92.   99.  107.  110.  114.  122.  123.  130.  130.   72.
    75.   92.   97.]
 [ 744.   23.   22.   18.   10.   12.    9.    9.  173.  173.  154.  174.
   154.  142.  114.  133.  130.    7.    1.    3.    7.    0.    9.   11.
    12.   19.   12.   18.   95.  120.  171.   92.   92.  109.  101.  112.
   116.   75.   85.   92.  100.  103.  107.  115.  116.  123.  123.   79.
    82.   99.  104.]
 [ 747.   32.   31.   27.   19.   21.   18.   18.  182.  182.  163.  183.
   164.  151.  123.  142.  139.   16.   10.   12.    2.    9.    0.   14.
     2.    9.    3.    9.  104.  111.  162.   83.   83.  100.   91.  103.
   107.   84.   94.  101.  109.  112.  116.  124.  125.  132.  132.   70.
    73.   90.   95.]
 [ 734.   33.   32.   29.   21.   23.   20.   20.  184.  184.  165.  184.
   165.  153.  125.  144.  141.   18.   12.   14.   12.   11.   14.    0.
    16.   23.   17.   23.  106.  125.  176.   97.   97.  114.  105.  117.
   121.   86.   96.  103.  111.  114.  118.  126.  127.  134.  134.   84.
    87.  104.  109.]
 [ 750.   34.   33.   29.   21.   23.   21.   21.  185.  185.  165.  185.
   166.  153.  126.  145.  141.   19.   13.   14.    5.   12.    2.   16.
     0.    7.    1.    7.  107.  109.  160.   80.   80.   98.   89.  100.
   105.   87.   97.  103.  111.  114.  118.  126.  127.  134.  135.   68.
    71.   88.   93.]
 [ 748.   41.   40.   37.   28.   30.   28.   28.  192.  192.  173.  192.
   173.  160.  133.  152.  148.   26.   20.   22.   12.   19.    9.   23.
     7.    0.    6.    0.  114.  101.  152.   73.   73.   91.   82.   93.
    98.   94.  104.  110.  118.  122.  125.  134.  134.  141.  142.   61.
    64.   81.   86.]
 [ 750.   35.   34.   30.   22.   24.   21.   21.  186.  186.  166.  186.
   167.  154.  126.  146.  142.   19.   13.   15.    5.   12.    3.   17.
     1.    6.    0.    6.  107.  108.  159.   80.   80.   97.   88.  100.
   104.   87.   97.  104.  112.  115.  119.  127.  128.  135.  135.   67.
    70.   87.   92.]
 [ 749.   41.   40.   36.   28.   30.   28.   28.  192.  192.  172.  192.
   173.  160.  132.  152.  148.   25.   20.   21.   11.   18.    9.   23.
     7.    0.    6.    0.  114.  102.  153.   73.   73.   91.   82.   93.
    98.   94.  103.  110.  118.  121.  125.  133.  134.  141.  141.   61.
    64.   81.   86.]
 [ 801.   73.   74.   77.   85.   84.   86.   86.  146.  146.  127.  147.
   127.  115.   87.  106.  103.   88.   94.   92.  102.   95.  104.  106.
   107.  114.  107.  114.    0.  198.  249.  170.  170.  187.  179.  190.
   194.   48.   58.   65.   73.   76.   80.   88.   89.   96.   96.   97.
   100.  117.  122.]
 [ 725.  143.  142.  138.  130.  132.  129.  129.  276.  276.  257.  277.
   257.  245.  217.  236.  233.  127.  121.  123.  113.  120.  111.  125.
   109.  101.  108.  102.  198.    0.   51.   28.   28.  139.  130.  142.
   146.  178.  188.  195.  203.  206.  210.  218.  219.  226.  226.  109.
   112.  129.  134.]
 [ 730.  194.  193.  189.  181.  183.  180.  180.  327.  327.  308.  328.
   308.  296.  268.  287.  284.  178.  172.  174.  164.  171.  162.  176.
   160.  152.  159.  153.  249.   51.    0.   79.   79.  190.  181.  193.
   197.  229.  239.  246.  254.  257.  261.  269.  270.  277.  277.  160.
   163.  180.  185.]
 [ 712.  114.  113.  110.  102.  104.  101.  101.  248.  248.  229.  248.
   229.  217.  189.  208.  204.   99.   93.   95.   85.   92.   83.   97.
    80.   73.   80.   73.  170.   28.   79.    0.    0.  111.  102.  113.
   118.  150.  160.  167.  174.  178.  182.  190.  191.  198.  198.   81.
    84.  101.  106.]
 [ 712.  114.  113.  110.  102.  104.  101.  101.  248.  248.  229.  248.
   229.  217.  189.  208.  204.   99.   93.   95.   85.   92.   83.   97.
    80.   73.   80.   73.  170.   28.   79.    0.    0.  111.  102.  113.
   118.  150.  160.  167.  174.  178.  182.  190.  191.  198.  198.   81.
    84.  101.  106.]
 [ 793.  132.  131.  127.  119.  121.  118.  118.  239.  239.  219.  239.
   220.  234.  206.  225.  222.  116.  110.  112.  102.  109.  100.  114.
    98.   91.   97.   91.  187.  139.  190.  111.  111.    0.   27.   38.
    43.  167.  177.  184.  192.  195.  199.  207.  208.  215.  215.   98.
   101.  118.  123.]
 [ 785.  123.  122.  118.  110.  112.  110.  110.  230.  230.  211.  230.
   211.  225.  198.  217.  213.  108.  102.  103.   94.  101.   91.  105.
    89.   82.   88.   82.  179.  130.  181.  102.  102.   27.    0.   11.
    16.  159.  169.  175.  183.  186.  190.  198.  199.  206.  207.   89.
    93.  110.  115.]
 [ 796.  134.  133.  130.  122.  124.  121.  121.  241.  241.  222.  241.
   222.  237.  209.  228.  224.  119.  113.  115.  105.  112.  103.  117.
   100.   93.  100.   93.  190.  142.  193.  113.  113.   38.   11.    0.
     4.  170.  180.  187.  194.  198.  202.  210.  211.  218.  218.  101.
   104.  121.  126.]
 [ 800.  139.  138.  134.  126.  128.  125.  125.  246.  246.  226.  246.
   227.  241.  213.  233.  229.  123.  117.  119.  109.  116.  107.  121.
   105.   98.  104.   98.  194.  146.  197.  118.  118.   43.   16.    4.
     0.  174.  184.  191.  199.  202.  206.  214.  215.  222.  222.  105.
   108.  125.  130.]
 [ 781.   53.   54.   57.   65.   63.   66.   66.  116.  116.   97.  105.
    86.   67.   39.   58.   55.   68.   74.   72.   82.   75.   84.   86.
    87.   94.   87.   94.   48.  178.  229.  150.  150.  167.  159.  170.
   174.    0.   10.   17.   25.   28.   32.   40.   41.   48.   48.   76.
    80.   97.  102.]
 [ 791.   63.   64.   67.   75.   73.   76.   76.  114.  114.   94.   95.
    76.   57.   43.   48.   45.   78.   84.   82.   92.   85.   94.   96.
    97.  104.   97.  103.   58.  188.  239.  160.  160.  177.  169.  180.
   184.   10.    0.    7.   15.   18.   22.   30.   31.   38.   38.   86.
    89.  106.  111.]
 [ 797.   69.   70.   74.   82.   80.   83.   83.  107.  107.   88.   88.
    69.   50.   36.   42.   38.   85.   91.   89.   99.   92.  101.  103.
   103.  110.  104.  110.   65.  195.  246.  167.  167.  184.  175.  187.
   191.   17.    7.    0.    8.   11.   15.   23.   24.   31.   31.   93.
    96.  113.  118.]
 [ 805.   77.   78.   82.   90.   88.   90.   90.   99.   99.   80.   80.
    61.   42.   28.   34.   30.   93.   98.   97.  107.  100.  109.  111.
   111.  118.  112.  118.   73.  203.  254.  174.  174.  192.  183.  194.
   199.   25.   15.    8.    0.    3.    7.   15.   16.   23.   23.  101.
   104.  121.  126.]
 [ 809.   80.   81.   85.   93.   91.   94.   94.   96.   96.   76.   77.
    58.   39.   25.   30.   27.   96.  102.  100.  110.  103.  112.  114.
   114.  122.  115.  121.   76.  206.  257.  178.  178.  195.  186.  198.
   202.   28.   18.   11.    3.    0.    4.   12.   13.   20.   20.  104.
   107.  124.  129.]
 [ 813.   84.   85.   89.   97.   95.   98.   98.   92.   92.   72.   73.
    54.   35.   21.   27.   23.  100.  106.  104.  114.  107.  116.  118.
   118.  125.  119.  125.   80.  210.  261.  182.  182.  199.  190.  202.
   206.   32.   22.   15.    7.    4.    0.    8.    9.   16.   16.  108.
   111.  128.  133.]
 [ 821.   92.   93.   97.  105.  103.  106.  106.   84.   84.   64.   65.
    46.   27.   23.   18.   15.  108.  114.  112.  122.  115.  124.  126.
   126.  134.  127.  133.   88.  218.  269.  190.  190.  207.  198.  210.
   214.   40.   30.   23.   15.   12.    8.    0.    1.    8.    8.  116.
   119.  136.  141.]
 [ 822.   93.   94.   98.  106.  104.  107.  107.   83.   83.   63.   64.
    45.   26.   23.   18.   14.  109.  115.  113.  123.  116.  125.  127.
   127.  134.  128.  134.   89.  219.  270.  191.  191.  208.  199.  211.
   215.   41.   31.   24.   16.   13.    9.    1.    0.    7.    7.  117.
   120.  137.  142.]
 [ 828.  100.  101.  105.  113.  111.  114.  114.   76.   76.   57.   57.
    38.   19.   30.   11.    7.  116.  122.  120.  130.  123.  132.  134.
   134.  141.  135.  141.   96.  226.  277.  198.  198.  215.  206.  218.
   222.   48.   38.   31.   23.   20.   16.    8.    7.    0.    0.  124.
   127.  144.  149.]
 [ 829.  101.  102.  105.  113.  111.  114.  114.   76.   76.   56.   57.
    38.   19.   31.   10.    7.  116.  122.  120.  130.  123.  132.  134.
   135.  142.  135.  141.   96.  226.  277.  198.  198.  215.  207.  218.
   222.   48.   38.   31.   23.   20.   16.    8.    7.    0.    0.  124.
   127.  144.  149.]
 [ 763.   72.   73.   76.   85.   83.   85.   85.  175.  175.  155.  175.
   156.  143.  115.  135.  131.   86.   80.   82.   72.   79.   70.   84.
    68.   61.   67.   61.   97.  109.  160.   81.   81.   98.   89.  101.
   105.   76.   86.   93.  101.  104.  108.  116.  117.  124.  124.    0.
     3.   20.   25.]
 [ 766.   75.   76.   80.   88.   86.   88.   88.  178.  178.  158.  178.
   159.  146.  118.  138.  134.   89.   83.   85.   75.   82.   73.   87.
    71.   64.   70.   64.  100.  112.  163.   84.   84.  101.   93.  104.
   108.   80.   89.   96.  104.  107.  111.  119.  120.  127.  127.    3.
     0.   17.   22.]
 [ 783.   92.   93.   97.  105.  103.  105.  105.  195.  195.  175.  195.
   176.  163.  135.  155.  151.  106.  100.  102.   92.   99.   90.  104.
    88.   81.   87.   81.  117.  129.  180.  101.  101.  118.  110.  121.
   125.   97.  106.  113.  121.  124.  128.  136.  137.  144.  144.   20.
    17.    0.    5.]
 [ 788.   97.   98.  102.  110.  108.  110.  110.  200.  200.  180.  200.
   181.  168.  140.  160.  156.  111.  105.  107.   97.  104.   95.  109.
    93.   86.   92.   86.  122.  134.  185.  106.  106.  123.  115.  126.
   130.  102.  111.  118.  126.  129.  133.  141.  142.  149.  149.   25.
    22.    5.    0.]];
